13108 154.4000545 -46.4201389    0.2691705    0.0063881 0.5  0.2   33.4  14.29 1.2  0.05 0.11 0.05 BSS; H alpha; EW    
25210 154.3850213 -46.4080269    0.3730884    0.000007  0.22 0.23   9.21  2.2  0.8  0.05 0.03 0.01 H alpha; bimodal    
12746 154.4032964 -46.4136807    0.4706114    0.0000013 0.01 0.02  27.96  0.71 1.2  0.05 0.12 0.01 BSS; V sin i        
13862 154.3945981 -46.4222051    0.7287329    0.0000113 0.09 0.11  41.92  6.35 0.6  0.05 0.14 0.03 H alpha; bimodal    
22697 154.4061488 -46.4110094    0.8630523    0.0000177 0.12 0.09  30.67  2.37 0.69 0.05 0.12 0.01 bimodal             
12581 154.4044692 -46.4113736    0.8936211    0.4217563 0.14 0.18  27.1   3.29 0.72 0.05 0.1  0.02 bimodal             
11222 154.4151638 -46.4224469    0.9430109    0.0000106 0.04 0.04  37.39  1.73 1.2  0.05 0.22 0.01 BSS; V sin i        
13362 154.3983824 -46.4124459    0.9953529    0.0000078 0.05 0.03 124.8   3.93 0.57 0.05 0.68 0.05 H alpha             
12229 154.4073607 -46.4168324    1.6900272    0.0002532 0.1  0.13  15.02  2.81 0.66 0.05 0.07 0.02 bimodal             
10293 154.4236425 -46.4126801    1.8760233    0.0000184 0.04 0.02  66.32  1.64 0.8  0.05 0.44 0.03                     
13968 154.393934  -46.4136982    1.9429016    0.0000285 0.05 0.06  80.88  7.53 0.71 0.05 0.56 0.08 H alpha             
22818 154.4054741 -46.399928     1.9477033    0.0001878 0.24 0.23  14.69  5.68 0.79 0.05 0.07 0.03 bimodal             
11802 154.4109015 -46.4157396    2.1106198    0.196166  0.1  0.14  20.02  2.61 0.64 0.05 0.1  0.02 H alpha             
21859 154.4134676 -46.4069061    2.2422102    0.0000305 0.07 0.03 305.53  7.62 0.61 0.05 7.68 0.49 BHC; H alpha        
12836 154.4021535 -46.4213428    2.4262443    0.0001334 0.08 0.08  44.26  2.41 0.63 0.05 0.26 0.02 H alpha             
22692 154.4066196 -46.3978466    5.1037901    0.0003058 0.02 0.03  38.65  1.56 0.82 0.05 0.35 0.03 SSG; H alpha+; X-ray
13438 154.3982926 -46.4140314    5.9347553    0.0002995 0.02 0.03  36.6   0.89 0.82 0.05 0.35 0.02 SSG; H alpha; X-ray 
15138 154.3844015 -46.4162151    6.3934527    0.0013218 0.05 0.08  18.82  2.29 0.79 0.05 0.16 0.02 bimodal             
11366 154.4140819 -46.4149816    8.3805695    0.001796  0.26 0.09  43.54  4.25 0.72 0.05 0.44 0.06                     
23220 154.402344  -46.4100611    8.4284567    0.0010326 0.08 0.06  12.87  0.92 1.2  0.05 0.15 0.01 BSS                 
25132 154.3856279 -46.4108369    8.4572677    0.0012281 0.07 0.08  33.39  1.87 0.78 0.05 0.34 0.03                     
10799 154.4192745 -46.4150128    8.9988389    0.0056605 0.09 0.17   9.12  1.92 0.79 0.05 0.08 0.02 bimodal             
15222 154.3839334 -46.4116066    9.9633059    0.0018962 0.26 0.08  22.76  1.8  0.75 0.05 0.22 0.03                     
14749 154.388115  -46.4187299   10.0061543    0.0017469 0.09 0.06  42.92  1.42 0.82 0.05 0.53 0.03 SSG; H alpha; EA    
10719 154.4198081 -46.421515    10.9296449    0.0030861 0.03 0.04  43.72  2.37 0.74 0.05 0.54 0.05                     
12305 154.406647  -46.4150333   15.4050397    0.0118213 0.46 0.14  23.7   8.88 0.77 0.05 0.25 0.09                     
23918 154.3958598 -46.4084977   15.9445596    0.0067474 0.04 0.06  32.24  1.83 0.79 0.05 0.44 0.04                     
10418 154.4220841 -46.4236072   16.1275639    0.0049603 0.11 0.1   28.53  2.45 0.72 0.05 0.35 0.04                     
13684 154.3960542 -46.4207248   16.7259747    0.0111909 0.26 0.14  23.6   3.37 0.64 0.05 0.25 0.04 bimodal             
11405 154.4135736 -46.4199715   17.2189695    0.0058858 0.42 0.08  14.1   1.37 0.82 0.05 0.15 0.02 SSG; H alpha        
10274 154.4238655 -46.4177781   18.941604     0.0058981 0.32 0.05  24.4   1.21 0.82 0.05 0.4  0.03 BSS                 
12370 154.4061168 -46.4148555   19.4577093    0.0104044 0.16 0.12  21.8   2.64 0.7  0.05 0.26 0.04                     
23019 154.4036413 -46.4083083   25.7551975    0.0313931 0.15 0.15  13.28  1.88 0.75 0.05 0.17 0.03                     
23847 154.3966513 -46.4095134   26.7019232    0.0285351 0.13 0.17   6.15  0.9  0.83 0.05 0.08 0.01 bimodal             
14837 154.3871858 -46.4243261   32.3709335    0.0479839 0.43 0.18  15.98  1.99 0.71 0.05 0.2  0.03                     
12706 154.4033599 -46.4229497   34.1122865    0.0364501 0.27 0.1   12.83  1.24 0.8  0.05 0.19 0.02                     
12871 154.402345  -46.4130975   38.2394981    0.1027178 0.09 0.14  18.3   2.68 0.61 0.05 0.27 0.1  bimodal             
12341 154.4061992 -46.421597    38.9150922    0.0185404 0.02 0.03  22.59  0.62 0.82 0.05 0.41 0.03                     
21659 154.4150648 -46.4103163   39.5201867    0.0147031 0.49 0.03  27.73  2.11 0.82 0.05 0.45 0.05                     
13357 154.3987227 -46.4134485   42.1643951    0.0267944 0.24 0.06  23.11  1.15 0.79 0.05 0.42 0.04                     
12308 154.406734  -46.4144774   47.3876667    0.0547644 0.07 0.11  29.36  2.47 0.81 0.05 0.64 0.08                     
12082 154.4083083 -46.4240227   47.8783875    0.0861648 0.26 0.16  13.0   2.03 0.79 0.05 0.21 0.04                     
22700 154.4063738 -46.4102582   53.4820061    0.1465144 0.15 0.17  10.61  1.64 0.77 0.05 0.18 0.04                     
13221 154.399612  -46.4152447   53.7429981    0.2007597 0.12 0.19  13.29  2.25 0.77 0.05 0.23 0.05                     
13669 154.3962276 -46.4226435   53.7796822    0.0933216 0.13 0.14  11.71  1.89 0.82 0.05 0.21 0.04                     
24738 154.3887748 -46.4109963   55.4421921    0.0822419 0.19 0.1   15.5   1.67 0.8  0.05 0.29 0.04                     
25266 154.3842944 -46.40955     55.467268     0.0964647 0.07 0.1   13.7   1.92 0.79 0.05 0.25 0.04                     
13002 154.4010112 -46.4143661   56.372142     0.1453847 0.53 0.2    7.1   1.82 0.78 0.05 0.1  0.02 bimodal             
14889 154.3865607 -46.4230981   56.7096115    0.0558515 0.39 0.14  27.84  8.48 0.76 0.05 0.56 0.19                     
14972 154.385826  -46.4162548   69.2141762    0.1269738 0.18 0.13  12.19  1.62 0.8  0.05 0.23 0.04                     
13756 154.3956072 -46.4187063   71.324673     0.2933056 0.72 0.16  32.3  19.98 0.77 0.05 0.53 0.33                     
14743 154.3878464 -46.4193458   74.306263     0.314958  0.36 0.12  20.51  2.39 0.79 0.05 0.43 0.07                     
23000 154.4040105 -46.3991815   75.3491707    0.2840521 0.2  0.2    6.26  1.15 0.81 0.05 0.12 0.03                     
13522 154.3974135 -46.411234   108.1784058    0.433644  0.28 0.09  17.74  2.26 0.8  0.05 0.44 0.08                     
12904 154.4018549 -46.4198264  110.3183784    0.2890734 0.04 0.05  11.62  0.69 1.2  0.05 0.35 0.03 BSS; V sin i        
14700 154.3885623 -46.4170203  112.2586899    0.3764142 0.18 0.17  11.28  1.94 0.81 0.05 0.26 0.06 bimodal             
13355 154.3986671 -46.413736   115.1415357    0.5219151 0.63 0.12  34.88  9.98 0.67 0.05 0.82 0.21                     
 6324 154.3886712 -46.4264148  120.51017      0.2625462 0.57 0.12  14.16  4.71 0.83 0.05 0.29 0.08                     
23175 154.4026434 -46.4049449  129.3306427    1.0890996 0.12 0.19   5.23  1.32 0.83 0.05 0.12 0.03                     
12927 154.4017952 -46.4147246  143.3831635    0.5336587 0.37 0.08  14.07  1.48 0.72 0.05 0.33 0.05                     
11300 154.4145891 -46.4182382  163.2573013    1.6874266 0.41 0.12  17.32  4.38 0.82 0.05 0.48 0.13                     
12560 154.4045449 -46.4153657  167.0145182    0.082539  0.61 0.01  72.3   1.6  0.81 0.05 4.53 0.2  BH1                 
 4513 154.4066197 -46.4259677  172.4743805    1.0772453 0.07 0.11  11.36  1.55 0.81 0.05 0.32 0.06                     
22751 154.4060213 -46.4002393  172.5792084    0.5734078 0.03 0.04  10.54  0.69 0.83 0.05 0.3  0.03                     
12658 154.4035953 -46.4220713  175.9542274    0.356122  0.07 0.05  13.38  0.61 0.83 0.05 0.4  0.03                     
14355 154.3910685 -46.4196148  191.6578369    2.4829507 0.06 0.15  11.1   1.4  1.2  0.05 0.41 0.07 BSS; bimodal        
12438 154.4055986 -46.4128312  197.5532761    1.4339522 0.06 0.09   8.18  1.46 0.82 0.05 0.23 0.05                     
23276 154.4016366 -46.4092061  204.2375991    0.9508313 0.89 0.05  21.22 10.59 0.82 0.05 0.3  0.11                     
23452 154.4001828 -46.4032589  206.4818649    1.4721474 0.06 0.08   7.17  0.81 0.82 0.05 0.2  0.03                     
12975 154.4013363 -46.4204618  224.6530762    3.4249563 0.07 0.1   11.53  1.48 0.77 0.05 0.36 0.06                     
13391 154.397901  -46.4202885  225.5278625    5.316978  0.24 0.24   9.8   2.18 0.76 0.05 0.28 0.07                     
23381 154.4005113 -46.4072516  262.0552673    1.4494496 0.11 0.15  12.12  1.64 0.82 0.05 0.42 0.07                     
23889 154.3963587 -46.4005888  282.9812164    4.9652981 0.33 0.14  13.15  1.95 0.81 0.05 0.43 0.08                     
11945 154.4094838 -46.4119426  284.4535675    7.1025029 0.18 0.2    9.83  2.66 1.2  0.05 0.4  0.14 BSS                 
14055 154.3935002 -46.4119125  286.4259338    4.272967  0.17 0.18   8.98  1.55 0.82 0.05 0.29 0.06                     
13816 154.3952113 -46.415995   302.1612701    4.8804618 0.17 0.19   3.92  0.93 0.83 0.05 0.11 0.03                     
23848 154.3964495 -46.4094594  323.4626167    1.4438836 0.48 0.07  15.61  1.43 1.2  0.05 0.67 0.1  BSS                 
12173 154.4078519 -46.4166175  340.4711914    5.512878  0.47 0.23  19.95  7.87 0.81 0.05 0.79 0.3  bimodal             
13069 154.4006896 -46.41497    375.0470428    2.8566031 0.14 0.18   9.33  2.62 0.82 0.05 0.35 0.14                     
12932 154.401685  -46.4137049  386.9793549    8.8621685 0.48 0.2    6.55  1.87 0.81 0.05 0.19 0.07                     
11831 154.4101404 -46.4225827  493.4385529   10.7686466 0.07 0.13   6.43  0.85 0.83 0.05 0.25 0.04                     
24135 154.3938235 -46.4107714  509.9134558   19.9308031 0.51 0.3    8.2   6.69 0.79 0.05 0.28 0.18                     
13587 154.3963697 -46.4242217  537.2937012   20.2119788 0.13 0.15  10.59  1.73 1.2  0.05 0.59 0.14 BSS                 
11317 154.4144723 -46.4135751  602.8700256   11.6654961 0.25 0.13   9.36  1.32 0.83 0.05 0.42 0.07                     
13874 154.3947606 -46.4200318  608.1834412   26.502588  0.3  0.29  10.13  3.9  0.77 0.05 0.43 0.19                     
11779 154.4106185 -46.4206367  620.0680237   34.3939408 0.13 0.21   8.18  1.65 0.82 0.05 0.36 0.1                      
15293 154.383107  -46.4200627  668.5839844   19.4833779 0.48 0.1   11.31  1.77 0.82 0.05 0.49 0.09                     
 5132 154.4003436 -46.4258493  764.1672363   10.4049687 0.28 0.16  36.34  8.33 0.64 0.05 4.39 2.82 BHC; bimodal        
13782 154.3955194 -46.412516   846.6898804   60.1714775 0.11 0.19   8.24  1.85 0.82 0.05 0.42 0.12                     
25211 154.3848653 -46.407682   988.6095886   74.6005701 0.11 0.16   8.68  1.65 1.2  0.05 0.59 0.13 BSS                 
12828 154.4019241 -46.4234435 1075.3296509   36.2092355 0.05 0.08  13.22  1.38 0.8  0.05 0.9  0.15                     
11131 154.4163601 -46.4162322 1627.0026855  221.3774856 0.31 0.17   8.21  1.54 0.82 0.05 0.53 0.13 bimodal             
23215 154.4026701 -46.3982975 1997.3417969  303.7565549 0.08 0.14  16.34  2.01 0.76 0.05 1.82 0.39 NSC                 
13154 154.3999641 -46.4122515 2773.6993408 1008.4635638 0.16 0.18  10.07  4.07 0.79 0.05 0.94 0.93                     
13808 154.3950464 -46.4192292 3001.8255615 1004.930921  0.11 0.21   3.24  1.38 0.83 0.05 0.21 0.13                     
