12969 154.4009126 -46.4213265 18.878 2456978.83083333  73.8  2.7 0.22
12969 154.4009126 -46.4213265 18.878 2457127.49255787  78.0  2.6 0.22
12969 154.4009126 -46.4213265 18.878 2457009.78096451  74.6  2.3 0.22
12969 154.4009126 -46.4213265 18.878 2457008.81090664  72.1  2.4 0.22
12969 154.4009126 -46.4213265 18.878 2456978.83733025  79.6  2.8 0.22
12969 154.4009126 -46.4213265 18.878 2457009.80265432  68.3  3.1 0.22
12969 154.4009126 -46.4213265 18.878 2456989.85793981  70.8  3.9 0.22
12969 154.4009126 -46.4213265 18.878 2456989.86438079  65.5  4.2 0.22
12969 154.4009126 -46.4213265 18.878 2457131.47697917  78.2  4.3 0.22
12969 154.4009126 -46.4213265 18.878 2457134.4778125   81.4  4.0 0.22
12969 154.4009126 -46.4213265 18.878 2457138.47808256  75.4  2.9 0.22
12969 154.4009126 -46.4213265 18.878 2457419.74475309  71.6  2.4 0.22
12969 154.4009126 -46.4213265 18.878 2457421.74397762  73.8  2.5 0.22
12969 154.4009126 -46.4213265 18.878 2457516.47410108  79.5  2.4 0.22
12969 154.4009126 -46.4213265 18.878 2457520.47957562  74.8  3.0 0.22
12969 154.4009126 -46.4213265 18.878 2457419.7673804   73.8  2.5 0.22
12969 154.4009126 -46.4213265 18.878 2457421.76791667  75.8  2.5 0.22
12969 154.4009126 -46.4213265 18.878 2457008.83250386  80.2  2.5 0.22
12969 154.4009126 -46.4213265 18.878 2457786.87269676  70.8  3.8 0.22
12969 154.4009126 -46.4213265 18.878 2457787.87675154  69.9  3.6 0.22
12969 154.4009126 -46.4213265 18.878 2458161.70140046  72.1  4.1 0.22
12969 154.4009126 -46.4213265 18.878 2458162.64664931  80.0  5.1 0.22
12969 154.4009126 -46.4213265 18.878 2458192.52376929  75.3  3.5 0.22
12969 154.4009126 -46.4213265 18.878 2458193.50886188  72.2  3.7 0.22
12969 154.4009126 -46.4213265 18.878 2458227.63280093  74.1  3.5 0.22
12969 154.4009126 -46.4213265 18.878 2458226.62318287  79.1  3.1 0.22
12969 154.4009126 -46.4213265 18.878 2458249.500625    74.6  2.7 0.22
12969 154.4009126 -46.4213265 18.878 2458249.53966725  78.9  2.6 0.22
12969 154.4009126 -46.4213265 18.878 2458250.48618634  78.9  3.1 0.22
12969 154.4009126 -46.4213265 18.878 2458250.5249103   79.5  2.8 0.22
12969 154.4009126 -46.4213265 18.878 2458490.72123457  72.9  3.4 0.22
12969 154.4009126 -46.4213265 18.878 2458490.83308256  76.6  3.1 0.22
12969 154.4009126 -46.4213265 18.878 2458584.56549768  76.0  4.4 0.22
12969 154.4009126 -46.4213265 18.878 2458488.77469329  73.6  7.1 0.22
13092 154.3999195 -46.4249122 18.71  2456978.83083333 -28.5  2.0 0.14
13092 154.3999195 -46.4249122 18.71  2457129.47766975 -31.7  4.3 0.14
13092 154.3999195 -46.4249122 18.71  2457127.49255787 -28.1  2.0 0.14
13092 154.3999195 -46.4249122 18.71  2457009.78096451 -27.9  1.8 0.14
13092 154.3999195 -46.4249122 18.71  2457008.81090664 -30.8  2.0 0.14
13092 154.3999195 -46.4249122 18.71  2456978.83733025 -29.1  2.1 0.14
13092 154.3999195 -46.4249122 18.71  2456989.85793981 -32.7  2.9 0.14
13092 154.3999195 -46.4249122 18.71  2457419.74475309 -30.6  1.9 0.14
13092 154.3999195 -46.4249122 18.71  2457421.74397762 -27.1  2.1 0.14
13092 154.3999195 -46.4249122 18.71  2457516.47410108 -32.2  1.7 0.14
13092 154.3999195 -46.4249122 18.71  2458226.62318287 -34.6  2.9 0.14
13092 154.3999195 -46.4249122 18.71  2458249.500625   -32.2  2.3 0.14
13092 154.3999195 -46.4249122 18.71  2458488.77469329 -39.5  5.2 0.14
13315 154.3984137 -46.4226419 19.699 2456978.83083333  30.8  2.6 0.05
13315 154.3984137 -46.4226419 19.699 2457129.47766975  23.6  5.6 0.05
13315 154.3984137 -46.4226419 19.699 2457127.49255787  33.3  2.3 0.05
13315 154.3984137 -46.4226419 19.699 2457009.78096451  33.2  2.1 0.05
13315 154.3984137 -46.4226419 19.699 2457008.81090664  29.9  2.2 0.05
13315 154.3984137 -46.4226419 19.699 2456978.83733025  29.5  4.4 0.05
13315 154.3984137 -46.4226419 19.699 2456989.85793981  31.2  3.8 0.05
13315 154.3984137 -46.4226419 19.699 2457419.74475309  35.6  2.4 0.05
13315 154.3984137 -46.4226419 19.699 2457421.74397762  32.3  2.3 0.05
13315 154.3984137 -46.4226419 19.699 2457516.47410108  33.1  2.2 0.05
13315 154.3984137 -46.4226419 19.699 2457520.47957562  31.4  3.2 0.05
13315 154.3984137 -46.4226419 19.699 2457786.87269676  28.6  3.6 0.05
13315 154.3984137 -46.4226419 19.699 2458161.70140046  30.2  3.7 0.05
13315 154.3984137 -46.4226419 19.699 2458192.52376929  32.9  2.9 0.05
13315 154.3984137 -46.4226419 19.699 2458226.62318287  32.1  3.4 0.05
13315 154.3984137 -46.4226419 19.699 2458249.500625    35.6  2.6 0.05
13315 154.3984137 -46.4226419 19.699 2458249.53966725  34.7  2.7 0.05
13315 154.3984137 -46.4226419 19.699 2458250.48618634  36.1  2.8 0.05
13315 154.3984137 -46.4226419 19.699 2458250.5249103   32.6  3.0 0.05
13315 154.3984137 -46.4226419 19.699 2458584.56549768  33.1  3.9 0.05
13315 154.3984137 -46.4226419 19.699 2458488.77469329  23.0  6.5 0.05
13612 154.3965396 -46.4184905 19.52  2456978.83083333  69.7  3.6 0.04
13612 154.3965396 -46.4184905 19.52  2457127.49255787  65.3  2.9 0.04
13612 154.3965396 -46.4184905 19.52  2457009.78096451  66.5  2.9 0.04
13612 154.3965396 -46.4184905 19.52  2457008.81090664  64.4  2.7 0.04
13612 154.3965396 -46.4184905 19.52  2456989.85793981  60.4  6.0 0.04
13612 154.3965396 -46.4184905 19.52  2457419.74475309  66.0  3.0 0.04
13612 154.3965396 -46.4184905 19.52  2457421.74397762  67.1  3.1 0.04
13612 154.3965396 -46.4184905 19.52  2457516.47410108  68.5  4.3 0.04
13612 154.3965396 -46.4184905 19.52  2457520.47957562  72.7  4.3 0.04
13612 154.3965396 -46.4184905 19.52  2458161.70140046  66.3  5.2 0.04
13612 154.3965396 -46.4184905 19.52  2458226.62318287  59.5  4.8 0.04
13612 154.3965396 -46.4184905 19.52  2458249.500625    65.4  3.4 0.04
13612 154.3965396 -46.4184905 19.52  2458250.48618634  61.8  3.4 0.04
13612 154.3965396 -46.4184905 19.52  2458250.5249103   66.2  3.9 0.04
13708 154.3960906 -46.4162746 19.052 2456978.83083333  24.4  1.6 0.09
13708 154.3960906 -46.4162746 19.052 2457129.47766975  24.7  2.1 0.09
13708 154.3960906 -46.4162746 19.052 2457127.49255787  20.3  1.7 0.09
13708 154.3960906 -46.4162746 19.052 2457009.78096451  22.7  1.5 0.09
13708 154.3960906 -46.4162746 19.052 2457008.81090664  20.4  1.8 0.09
13708 154.3960906 -46.4162746 19.052 2456989.85793981  17.6  2.5 0.09
13708 154.3960906 -46.4162746 19.052 2457419.74475309  23.8  1.8 0.09
13708 154.3960906 -46.4162746 19.052 2457421.74397762  23.2  1.8 0.09
13708 154.3960906 -46.4162746 19.052 2457516.47410108  21.8  1.3 0.09
13708 154.3960906 -46.4162746 19.052 2457520.47957562  23.9  1.8 0.09
13708 154.3960906 -46.4162746 19.052 2458161.70140046  17.1  3.2 0.09
13708 154.3960906 -46.4162746 19.052 2458192.52376929  23.8  2.5 0.09
13708 154.3960906 -46.4162746 19.052 2458226.62318287  20.8  2.3 0.09
13708 154.3960906 -46.4162746 19.052 2458249.500625    23.2  2.0 0.09
13708 154.3960906 -46.4162746 19.052 2458250.5249103   22.9  2.1 0.09
13708 154.3960906 -46.4162746 19.052 2458488.77469329  25.0  2.3 0.09
14326 154.3917537 -46.4129494 20.108 2456978.83083333  99.4  8.0 0.05
14326 154.3917537 -46.4129494 20.108 2457127.49255787  88.2  7.5 0.05
14326 154.3917537 -46.4129494 20.108 2457009.78096451  87.2  7.1 0.05
14326 154.3917537 -46.4129494 20.108 2457008.82158951  97.4  6.0 0.05
14326 154.3917537 -46.4129494 20.108 2457009.79184799  99.2  8.9 0.05
14326 154.3917537 -46.4129494 20.108 2457419.74475309  85.2  7.3 0.05
14326 154.3917537 -46.4129494 20.108 2457421.74397762  90.6  7.2 0.05
14326 154.3917537 -46.4129494 20.108 2457516.47410108  92.0  9.0 0.05
14326 154.3917537 -46.4129494 20.108 2457520.47957562  97.1  8.3 0.05
14326 154.3917537 -46.4129494 20.108 2457419.75602623  80.1  5.6 0.05
14326 154.3917537 -46.4129494 20.108 2457421.75498457  96.7  6.5 0.05
14326 154.3917537 -46.4129494 20.108 2457516.48835648  93.9 11.1 0.05
14326 154.3917537 -46.4129494 20.108 2457786.87269676  86.0  9.8 0.05
14326 154.3917537 -46.4129494 20.108 2458161.70140046  93.5 10.3 0.05
14326 154.3917537 -46.4129494 20.108 2458192.52376929  88.3  8.5 0.05
14326 154.3917537 -46.4129494 20.108 2458192.53554012  94.7  8.4 0.05
14326 154.3917537 -46.4129494 20.108 2458161.81016204  95.8 10.2 0.05
14326 154.3917537 -46.4129494 20.108 2458249.500625    86.8  7.9 0.05
14326 154.3917537 -46.4129494 20.108 2458249.53966725  94.4  7.0 0.05
14326 154.3917537 -46.4129494 20.108 2458250.5249103   90.6  6.8 0.05
14326 154.3917537 -46.4129494 20.108 2458584.5768287   71.0 10.3 0.05
14326 154.3917537 -46.4129494 20.108 2458584.56549768  91.3  8.8 0.05
14444 154.3905282 -46.4174611 19.174 2456978.83083333  34.8  2.3 0.12
14444 154.3905282 -46.4174611 19.174 2457127.49255787  34.6  2.3 0.12
14444 154.3905282 -46.4174611 19.174 2457009.78096451  32.8  1.8 0.12
14444 154.3905282 -46.4174611 19.174 2457008.81090664  33.7  2.0 0.12
14444 154.3905282 -46.4174611 19.174 2456989.85793981  33.9  3.1 0.12
14444 154.3905282 -46.4174611 19.174 2457419.74475309  34.0  2.1 0.12
14444 154.3905282 -46.4174611 19.174 2457421.74397762  35.8  2.0 0.12
14444 154.3905282 -46.4174611 19.174 2457516.47410108  33.9  1.8 0.12
14444 154.3905282 -46.4174611 19.174 2457520.47957562  33.1  2.5 0.12
14444 154.3905282 -46.4174611 19.174 2457786.87269676  31.2  2.9 0.12
14444 154.3905282 -46.4174611 19.174 2458161.70140046  37.7  3.5 0.12
14444 154.3905282 -46.4174611 19.174 2458192.52376929  33.8  2.4 0.12
14444 154.3905282 -46.4174611 19.174 2458226.62318287  39.7  2.7 0.12
14444 154.3905282 -46.4174611 19.174 2458249.500625    32.2  2.2 0.12
14444 154.3905282 -46.4174611 19.174 2458250.48618634  30.7  2.2 0.12
14444 154.3905282 -46.4174611 19.174 2458250.5249103   28.1  2.5 0.12
14444 154.3905282 -46.4174611 19.174 2458584.49174768  35.0  3.2 0.12
14444 154.3905282 -46.4174611 19.174 2458584.56549768  34.6  2.8 0.12
14444 154.3905282 -46.4174611 19.174 2458488.77469329  25.0  4.2 0.12
14660 154.3884075 -46.4246863 17.528 2456978.83083333   2.0  1.5 0.05
14660 154.3884075 -46.4246863 17.528 2457129.47766975  -2.0  2.1 0.05
14660 154.3884075 -46.4246863 17.528 2457009.78096451   2.3  1.6 0.05
14660 154.3884075 -46.4246863 17.528 2457008.81090664   0.9  1.9 0.05
14660 154.3884075 -46.4246863 17.528 2456989.85793981  -0.2  2.0 0.05
14660 154.3884075 -46.4246863 17.528 2457419.74475309  -1.6  1.6 0.05
14660 154.3884075 -46.4246863 17.528 2457421.74397762  -0.1  1.6 0.05
14660 154.3884075 -46.4246863 17.528 2457516.47410108   1.3  1.4 0.05
14660 154.3884075 -46.4246863 17.528 2457520.47957562   0.5  1.3 0.05
14660 154.3884075 -46.4246863 17.528 2458226.62318287   1.7  2.2 0.05
14660 154.3884075 -46.4246863 17.528 2458249.500625     0.2  1.9 0.05
14660 154.3884075 -46.4246863 17.528 2458249.53966725  -2.2  2.0 0.05
14660 154.3884075 -46.4246863 17.528 2458250.48618634   1.8  2.1 0.05
14660 154.3884075 -46.4246863 17.528 2458250.5249103    2.1  2.0 0.05
14660 154.3884075 -46.4246863 17.528 2458488.77469329  -3.0  2.5 0.05
15316 154.383073  -46.414837  20.509 2456978.83083333  83.1  5.1 0.07
15316 154.383073  -46.414837  20.509 2457009.78096451  84.1  4.1 0.07
15316 154.383073  -46.414837  20.509 2457008.81090664  88.7  3.6 0.07
15316 154.383073  -46.414837  20.509 2457419.74475309  86.1  4.0 0.07
15316 154.383073  -46.414837  20.509 2457421.74397762  82.2  4.0 0.07
15316 154.383073  -46.414837  20.509 2457786.87269676  83.6  5.3 0.07
15316 154.383073  -46.414837  20.509 2458161.70140046  84.7  5.8 0.07
15316 154.383073  -46.414837  20.509 2458192.52376929  75.1  4.7 0.07
15316 154.383073  -46.414837  20.509 2458249.500625    83.0  3.4 0.07
15316 154.383073  -46.414837  20.509 2458250.5249103   78.7  4.6 0.07
15316 154.383073  -46.414837  20.509 2458584.56549768  90.5  5.2 0.07
12918 154.4015665 -46.4160097 15.807 2457129.47766975   4.2  1.3 0.05
12918 154.4015665 -46.4160097 15.807 2457787.87675154   7.2  1.7 0.05
12918 154.4015665 -46.4160097 15.807 2458193.50886188   4.7  1.9 0.05
12918 154.4015665 -46.4160097 15.807 2458226.62318287   7.1  2.0 0.05
12918 154.4015665 -46.4160097 15.807 2458249.500625     7.3  1.9 0.05
12918 154.4015665 -46.4160097 15.807 2458249.53966725   3.0  1.9 0.05
12918 154.4015665 -46.4160097 15.807 2458250.48618634   6.5  2.1 0.05
12918 154.4015665 -46.4160097 15.807 2458250.5249103    3.2  2.0 0.05
12918 154.4015665 -46.4160097 15.807 2458490.72123457   6.0  1.9 0.05
12918 154.4015665 -46.4160097 15.807 2458490.83308256   4.8  2.1 0.05
15370 154.3822178 -46.4176641 19.857 2457127.49255787  94.5  8.0 0.12
15370 154.3822178 -46.4176641 19.857 2458249.500625    98.8  7.0 0.12
15370 154.3822178 -46.4176641 19.857 2458249.53966725 113.7  7.0 0.12
15370 154.3822178 -46.4176641 19.857 2458250.48618634 100.6  7.2 0.12
15370 154.3822178 -46.4176641 19.857 2458250.5249103   95.9  6.8 0.12
12366 154.4062701 -46.415073  20.526 2457009.78096451 147.4 10.8 0.15
12366 154.4062701 -46.415073  20.526 2457008.81090664 178.5  8.1 0.15
12366 154.4062701 -46.415073  20.526 2457419.7673804  165.3  9.9 0.15
12366 154.4062701 -46.415073  20.526 2457421.76791667 158.3  9.7 0.15
12366 154.4062701 -46.415073  20.526 2457008.83250386 160.1 11.2 0.15
12366 154.4062701 -46.415073  20.526 2457786.87269676 153.7 11.1 0.15
12366 154.4062701 -46.415073  20.526 2458161.70140046 171.7 15.4 0.15
12366 154.4062701 -46.415073  20.526 2458192.52376929 149.8 11.2 0.15
12366 154.4062701 -46.415073  20.526 2458227.63280093 180.5 12.0 0.15
12366 154.4062701 -46.415073  20.526 2458584.56549768 156.2 10.1 0.15
13016 154.4010944 -46.411823  21.294 2457009.78096451  72.6 10.6 0.01
13016 154.4010944 -46.411823  21.294 2457008.81090664  67.3  7.1 0.01
13016 154.4010944 -46.411823  21.294 2457008.84560185  76.0 10.8 0.01
13016 154.4010944 -46.411823  21.294 2457419.74475309  67.5  8.5 0.01
13016 154.4010944 -46.411823  21.294 2457516.47410108  70.5 13.9 0.01
13016 154.4010944 -46.411823  21.294 2457419.75602623  79.5  7.7 0.01
13016 154.4010944 -46.411823  21.294 2457421.75498457  77.7  8.9 0.01
13016 154.4010944 -46.411823  21.294 2457419.7673804   69.7 13.3 0.01
13016 154.4010944 -46.411823  21.294 2457421.76791667  74.5  9.0 0.01
13016 154.4010944 -46.411823  21.294 2457008.83250386  71.2 10.2 0.01
13016 154.4010944 -46.411823  21.294 2457420.69707562  65.9  7.1 0.01
13016 154.4010944 -46.411823  21.294 2458192.52376929  61.8 10.0 0.01
15048 154.385579  -46.4118973 20.768 2457009.78096451  47.5  2.8 0.0 
15048 154.385579  -46.4118973 20.768 2457008.81090664  47.2  2.7 0.0 
15048 154.385579  -46.4118973 20.768 2457008.82158951  46.1  2.7 0.0 
15048 154.385579  -46.4118973 20.768 2457419.75602623  46.1  2.7 0.0 
15114 154.3846957 -46.4220726 21.003 2457009.78096451 100.8  6.5 0.1 
15114 154.3846957 -46.4220726 21.003 2457419.74475309  86.4  7.1 0.1 
15114 154.3846957 -46.4220726 21.003 2457421.74397762  92.6  6.6 0.1 
23465 154.3998557 -46.3990566 20.183 2456978.83407793  89.2  5.5 0.27
23465 154.3998557 -46.3990566 20.183 2457008.82158951  77.5  4.3 0.27
23465 154.3998557 -46.3990566 20.183 2457009.79184799  86.7  4.9 0.27
23465 154.3998557 -46.3990566 20.183 2456978.84057485  92.8  5.4 0.27
23465 154.3998557 -46.3990566 20.183 2457419.75602623  87.9  4.3 0.27
23465 154.3998557 -46.3990566 20.183 2457421.75498457  78.4  4.0 0.27
23465 154.3998557 -46.3990566 20.183 2457516.48835648  82.5  5.3 0.27
23465 154.3998557 -46.3990566 20.183 2457787.86483796  76.5  7.2 0.27
23465 154.3998557 -46.3990566 20.183 2458192.53554012  93.8  4.9 0.27
23465 154.3998557 -46.3990566 20.183 2458161.81016204  75.1  7.8 0.27
23465 154.3998557 -46.3990566 20.183 2458584.50314043  85.1  4.8 0.27
23465 154.3998557 -46.3990566 20.183 2458584.5768287   80.9  5.9 0.27
24184 154.3939463 -46.3981446 18.197 2456978.83407793  12.9  2.0 0.17
24184 154.3939463 -46.3981446 18.197 2457008.82158951  14.2  1.9 0.17
24184 154.3939463 -46.3981446 18.197 2457009.79184799  13.0  1.6 0.17
24184 154.3939463 -46.3981446 18.197 2456989.86115162  16.0  2.4 0.17
24184 154.3939463 -46.3981446 18.197 2457135.47792824  11.2  2.7 0.17
24184 154.3939463 -46.3981446 18.197 2457132.48341049  13.9  2.0 0.17
24184 154.3939463 -46.3981446 18.197 2457419.75602623  10.1  2.0 0.17
24184 154.3939463 -46.3981446 18.197 2457421.75498457  16.6  1.7 0.17
24184 154.3939463 -46.3981446 18.197 2457516.48835648  12.7  1.8 0.17
24184 154.3939463 -46.3981446 18.197 2457787.86483796  13.1  2.3 0.17
24184 154.3939463 -46.3981446 18.197 2458192.53554012  10.9  2.4 0.17
24184 154.3939463 -46.3981446 18.197 2458226.68818673  19.0  2.2 0.17
24184 154.3939463 -46.3981446 18.197 2458584.50314043  13.3  2.5 0.17
24184 154.3939463 -46.3981446 18.197 2458584.5768287   15.2  2.4 0.17
24534 154.3907989 -46.4054255 18.941 2456978.83407793   9.2  2.3 0.91
24534 154.3907989 -46.4054255 18.941 2457008.82158951   7.4  2.1 0.91
24534 154.3907989 -46.4054255 18.941 2457009.79184799   7.9  2.0 0.91
24534 154.3907989 -46.4054255 18.941 2456989.86115162  12.4  3.2 0.91
24534 154.3907989 -46.4054255 18.941 2457135.47792824  -0.7  1.2 0.91
24534 154.3907989 -46.4054255 18.941 2457132.48341049   7.1  2.6 0.91
24534 154.3907989 -46.4054255 18.941 2457419.75602623   6.9  2.2 0.91
24534 154.3907989 -46.4054255 18.941 2457421.75498457   9.6  2.0 0.91
24534 154.3907989 -46.4054255 18.941 2457516.48835648   9.3  2.2 0.91
24534 154.3907989 -46.4054255 18.941 2457787.86483796   5.5  3.2 0.91
24534 154.3907989 -46.4054255 18.941 2458226.68818673   7.3  2.9 0.91
25320 154.3839868 -46.4075022 20.941 2456978.83407793 126.6  8.1 0.56
25320 154.3839868 -46.4075022 20.941 2457008.82158951 104.8  4.5 0.56
25320 154.3839868 -46.4075022 20.941 2457009.79184799 107.2  5.6 0.56
25320 154.3839868 -46.4075022 20.941 2457419.75602623 115.5  4.2 0.56
25320 154.3839868 -46.4075022 20.941 2457421.75498457 115.1  3.9 0.56
25320 154.3839868 -46.4075022 20.941 2458192.53554012 104.0  4.6 0.56
25320 154.3839868 -46.4075022 20.941 2458161.81016204 106.6  6.0 0.56
25320 154.3839868 -46.4075022 20.941 2458584.50314043 126.5  7.1 0.56
25320 154.3839868 -46.4075022 20.941 2458584.5768287  113.4  5.4 0.56
22804 154.4056161 -46.4036162 20.296 2457008.82158951  32.2  2.3 0.12
22804 154.4056161 -46.4036162 20.296 2457009.79184799  31.3  2.4 0.12
22804 154.4056161 -46.4036162 20.296 2457008.84560185  32.1  2.5 0.12
22804 154.4056161 -46.4036162 20.296 2457009.81342593  31.3  2.4 0.12
22804 154.4056161 -46.4036162 20.296 2457156.46763503  28.2  2.7 0.12
22804 154.4056161 -46.4036162 20.296 2457419.75602623  34.0  2.3 0.12
22804 154.4056161 -46.4036162 20.296 2457421.75498457  33.7  2.1 0.12
22804 154.4056161 -46.4036162 20.296 2457516.48835648  29.7  2.8 0.12
22804 154.4056161 -46.4036162 20.296 2457420.69707562  32.1  2.0 0.12
22804 154.4056161 -46.4036162 20.296 2458192.53554012  37.0  2.6 0.12
22804 154.4056161 -46.4036162 20.296 2458194.51034722  31.9  3.0 0.12
22804 154.4056161 -46.4036162 20.296 2458227.64458719  35.8  3.4 0.12
22804 154.4056161 -46.4036162 20.296 2458226.68818673  35.2  4.4 0.12
22804 154.4056161 -46.4036162 20.296 2458161.81016204  40.6  4.2 0.12
22804 154.4056161 -46.4036162 20.296 2458490.73250386  32.5  3.0 0.12
22804 154.4056161 -46.4036162 20.296 2458490.84442901  31.8  2.8 0.12
22804 154.4056161 -46.4036162 20.296 2458584.50314043  41.1  4.1 0.12
22804 154.4056161 -46.4036162 20.296 2458584.5768287   38.3  3.5 0.12
22930 154.4044766 -46.4001621 20.348 2457008.82158951  -3.8  3.1 0.15
22930 154.4044766 -46.4001621 20.348 2456978.84057485  -1.8  3.3 0.15
22930 154.4044766 -46.4001621 20.348 2457008.84560185  -7.1  3.3 0.15
22930 154.4044766 -46.4001621 20.348 2457009.81342593   0.4  2.9 0.15
22930 154.4044766 -46.4001621 20.348 2457156.46763503  -8.5  4.0 0.15
22930 154.4044766 -46.4001621 20.348 2457136.48945988  -0.6  4.3 0.15
22930 154.4044766 -46.4001621 20.348 2457419.75602623  -4.6  2.9 0.15
22930 154.4044766 -46.4001621 20.348 2457421.75498457  -7.7  2.8 0.15
22930 154.4044766 -46.4001621 20.348 2457420.69707562  -1.7  2.8 0.15
22930 154.4044766 -46.4001621 20.348 2458192.53554012  -4.5  3.3 0.15
22930 154.4044766 -46.4001621 20.348 2458194.51034722  -8.4  3.3 0.15
22930 154.4044766 -46.4001621 20.348 2458227.64458719   5.1  4.3 0.15
22930 154.4044766 -46.4001621 20.348 2458161.81016204   0.6  3.6 0.15
22930 154.4044766 -46.4001621 20.348 2458490.73250386  -1.8  1.8 0.15
22930 154.4044766 -46.4001621 20.348 2458490.84442901   2.8  4.3 0.15
22930 154.4044766 -46.4001621 20.348 2458584.50314043   1.5  4.0 0.15
22930 154.4044766 -46.4001621 20.348 2458584.5768287   -2.0  3.3 0.15
23243 154.4019115 -46.4038583 20.219 2457008.82158951  34.7  4.6 0.64
23243 154.4019115 -46.4038583 20.219 2457009.79184799  10.3  6.6 0.64
23243 154.4019115 -46.4038583 20.219 2457008.84560185  24.9  5.3 0.64
23243 154.4019115 -46.4038583 20.219 2457009.81342593  28.4  4.9 0.64
23243 154.4019115 -46.4038583 20.219 2457156.46763503  26.8  4.9 0.64
23243 154.4019115 -46.4038583 20.219 2457420.69707562  18.4  3.6 0.64
23243 154.4019115 -46.4038583 20.219 2458584.50314043  18.5  6.1 0.64
23243 154.4019115 -46.4038583 20.219 2458584.5768287   16.6  5.5 0.64
23463 154.4001191 -46.3992633 21.348 2457008.82158951 118.9  8.0 0.14
23463 154.4001191 -46.3992633 21.348 2457009.79184799 137.9 11.7 0.14
23463 154.4001191 -46.3992633 21.348 2457419.75602623 123.1  6.2 0.14
23463 154.4001191 -46.3992633 21.348 2457421.75498457 127.3  6.6 0.14
23463 154.4001191 -46.3992633 21.348 2458192.53554012 130.1  7.6 0.14
23463 154.4001191 -46.3992633 21.348 2458584.5768287  110.2  7.6 0.14
10856 154.4185618 -46.415293  15.338 2456978.83733025  -2.3  1.6 0.04
10856 154.4185618 -46.415293  15.338 2457009.80265432  -4.3  1.6 0.04
10856 154.4185618 -46.415293  15.338 2456989.86438079  -2.9  1.9 0.04
10856 154.4185618 -46.415293  15.338 2457138.47808256  -2.8  1.2 0.04
10856 154.4185618 -46.415293  15.338 2457419.7673804   -4.6  1.3 0.04
10856 154.4185618 -46.415293  15.338 2457421.76791667  -5.3  1.6 0.04
10856 154.4185618 -46.415293  15.338 2457008.83250386  -5.6  1.7 0.04
10856 154.4185618 -46.415293  15.338 2457787.87675154  -3.8  1.2 0.04
10856 154.4185618 -46.415293  15.338 2458162.64664931  -3.1  1.8 0.04
10856 154.4185618 -46.415293  15.338 2458193.50886188  -2.6  1.4 0.04
10856 154.4185618 -46.415293  15.338 2458227.63280093  -2.2  1.5 0.04
10856 154.4185618 -46.415293  15.338 2458490.72123457  -5.4  1.2 0.04
10856 154.4185618 -46.415293  15.338 2458490.83308256  -3.4  1.3 0.04
11162 154.4158312 -46.4227204 16.272 2456978.83733025  -0.0  1.4 0.05
11162 154.4158312 -46.4227204 16.272 2457009.80265432   0.8  1.5 0.05
11162 154.4158312 -46.4227204 16.272 2456989.86438079  -0.1  1.7 0.05
11162 154.4158312 -46.4227204 16.272 2457131.47697917  -1.7  1.3 0.05
11162 154.4158312 -46.4227204 16.272 2457134.4778125    1.9  1.2 0.05
11162 154.4158312 -46.4227204 16.272 2457138.47808256  -0.8  1.0 0.05
11162 154.4158312 -46.4227204 16.272 2457419.7673804    0.3  1.4 0.05
11162 154.4158312 -46.4227204 16.272 2457421.76791667   0.3  1.5 0.05
11162 154.4158312 -46.4227204 16.272 2457008.83250386   1.4  1.8 0.05
11162 154.4158312 -46.4227204 16.272 2457787.87675154   1.8  1.4 0.05
11162 154.4158312 -46.4227204 16.272 2458162.64664931   2.0  2.1 0.05
11162 154.4158312 -46.4227204 16.272 2458227.63280093   2.3  1.7 0.05
11162 154.4158312 -46.4227204 16.272 2458490.83308256   1.2  1.5 0.05
11309 154.4148447 -46.4160455 16.876 2456978.83733025  16.6  1.7 0.05
11309 154.4148447 -46.4160455 16.876 2457009.80265432  15.9  1.6 0.05
11309 154.4148447 -46.4160455 16.876 2456989.86438079  18.4  2.0 0.05
11309 154.4148447 -46.4160455 16.876 2457131.47697917  17.9  1.5 0.05
11309 154.4148447 -46.4160455 16.876 2457134.4778125   18.4  1.3 0.05
11309 154.4148447 -46.4160455 16.876 2457138.47808256  17.8  1.3 0.05
11309 154.4148447 -46.4160455 16.876 2457419.7673804   16.8  1.4 0.05
11309 154.4148447 -46.4160455 16.876 2457421.76791667  16.1  1.7 0.05
11309 154.4148447 -46.4160455 16.876 2457008.83250386  17.4  1.8 0.05
11309 154.4148447 -46.4160455 16.876 2457787.87675154  19.6  1.8 0.05
11309 154.4148447 -46.4160455 16.876 2458193.50886188  19.1  1.9 0.05
11309 154.4148447 -46.4160455 16.876 2458227.63280093  17.6  1.9 0.05
11309 154.4148447 -46.4160455 16.876 2458490.72123457  15.7  1.8 0.05
11309 154.4148447 -46.4160455 16.876 2458490.83308256  21.2  1.7 0.05
11614 154.4123711 -46.4134575 20.452 2456978.83733025   8.4  3.0 0.07
11614 154.4123711 -46.4134575 20.452 2456978.84057485   9.8  2.4 0.07
11614 154.4123711 -46.4134575 20.452 2457008.84560185   9.4  2.4 0.07
11614 154.4123711 -46.4134575 20.452 2457009.81342593  12.5  2.3 0.07
11614 154.4123711 -46.4134575 20.452 2457156.46763503   7.7  2.4 0.07
11614 154.4123711 -46.4134575 20.452 2457133.48557485   5.9  3.1 0.07
11614 154.4123711 -46.4134575 20.452 2457136.48945988   8.5  2.6 0.07
11614 154.4123711 -46.4134575 20.452 2457419.7673804    6.7  2.2 0.07
11614 154.4123711 -46.4134575 20.452 2457421.76791667  10.0  2.2 0.07
11614 154.4123711 -46.4134575 20.452 2457008.83250386   7.5  2.2 0.07
11614 154.4123711 -46.4134575 20.452 2457420.69707562  12.6  1.9 0.07
11614 154.4123711 -46.4134575 20.452 2458227.64458719   4.1  3.0 0.07
11614 154.4123711 -46.4134575 20.452 2458490.73250386   6.6  3.1 0.07
12276 154.4067942 -46.4227526 20.939 2457009.80265432  67.6  7.1 0.07
12276 154.4067942 -46.4227526 20.939 2457419.7673804   65.2  5.0 0.07
12276 154.4067942 -46.4227526 20.939 2457421.76791667  66.8  4.2 0.07
12276 154.4067942 -46.4227526 20.939 2457008.83250386  62.9  5.1 0.07
12276 154.4067942 -46.4227526 20.939 2458227.63280093  77.8  6.1 0.07
21348 154.4181416 -46.3987883 19.632 2456978.84057485  91.9  4.1 0.07
21348 154.4181416 -46.3987883 19.632 2457008.84560185  86.3  3.5 0.07
21348 154.4181416 -46.3987883 19.632 2457009.81342593  82.7  3.8 0.07
21348 154.4181416 -46.3987883 19.632 2457156.46763503  92.9  4.7 0.07
21348 154.4181416 -46.3987883 19.632 2457133.48557485  90.4  7.8 0.07
21348 154.4181416 -46.3987883 19.632 2457136.48945988  82.6  6.1 0.07
21348 154.4181416 -46.3987883 19.632 2457420.69707562  92.7  3.6 0.07
21348 154.4181416 -46.3987883 19.632 2458194.51034722  91.0  6.1 0.07
21348 154.4181416 -46.3987883 19.632 2458227.64458719  96.5  6.0 0.07
21348 154.4181416 -46.3987883 19.632 2458490.73250386  84.3  5.9 0.07
21348 154.4181416 -46.3987883 19.632 2458490.84442901  90.2  5.5 0.07
21582 154.4162204 -46.4008327 19.904 2456978.84057485   0.5  1.4 0.12
21582 154.4162204 -46.4008327 19.904 2457008.84560185  -1.3  2.1 0.12
21582 154.4162204 -46.4008327 19.904 2457009.81342593   3.8  1.9 0.12
21582 154.4162204 -46.4008327 19.904 2457156.46763503   0.7  2.1 0.12
21582 154.4162204 -46.4008327 19.904 2457420.69707562   4.9  1.7 0.12
21582 154.4162204 -46.4008327 19.904 2458194.51034722   2.2  2.1 0.12
21582 154.4162204 -46.4008327 19.904 2458227.64458719   4.2  2.2 0.12
21582 154.4162204 -46.4008327 19.904 2458490.73250386   1.4  2.5 0.12
21582 154.4162204 -46.4008327 19.904 2458490.84442901   2.2  2.1 0.12
22010 154.4122754 -46.4045156 18.192 2456978.84057485 169.7  1.9 0.91
22010 154.4122754 -46.4045156 18.192 2457008.84560185 171.6  2.2 0.91
22010 154.4122754 -46.4045156 18.192 2457009.81342593 169.0  1.8 0.91
22010 154.4122754 -46.4045156 18.192 2457156.46763503 169.2  2.2 0.91
22010 154.4122754 -46.4045156 18.192 2457136.48945988 169.4  1.9 0.91
22010 154.4122754 -46.4045156 18.192 2457420.69707562 173.9  1.6 0.91
22010 154.4122754 -46.4045156 18.192 2458162.66198495 175.7  4.1 0.91
22010 154.4122754 -46.4045156 18.192 2458194.51034722 180.2  2.3 0.91
22010 154.4122754 -46.4045156 18.192 2458227.64458719 183.1  2.7 0.91
22010 154.4122754 -46.4045156 18.192 2458490.84442901 173.7  2.1 0.91
11433 154.4138401 -46.4123189 17.219 2457008.84560185  61.5  2.4 0.07
11433 154.4138401 -46.4123189 17.219 2457156.46763503  61.7  2.4 0.07
11433 154.4138401 -46.4123189 17.219 2457136.48945988  60.2  2.2 0.07
11433 154.4138401 -46.4123189 17.219 2457419.7673804   57.9  1.9 0.07
11433 154.4138401 -46.4123189 17.219 2457421.76791667  59.4  2.1 0.07
11433 154.4138401 -46.4123189 17.219 2457420.69707562  63.0  2.1 0.07
11433 154.4138401 -46.4123189 17.219 2458162.64664931  56.8  4.2 0.07
11433 154.4138401 -46.4123189 17.219 2458194.51034722  62.9  3.1 0.07
11433 154.4138401 -46.4123189 17.219 2458227.63280093  64.6  2.9 0.07
11433 154.4138401 -46.4123189 17.219 2458490.83308256  65.1  3.1 0.07
11433 154.4138401 -46.4123189 17.219 2458490.84442901  59.5  2.6 0.07
20687 154.4243842 -46.4031855 18.702 2457008.84560185  49.9  5.6 0.05
20687 154.4243842 -46.4031855 18.702 2457009.81342593  38.2  5.8 0.05
20687 154.4243842 -46.4031855 18.702 2457156.46763503  45.9  5.4 0.05
20687 154.4243842 -46.4031855 18.702 2457136.48945988  52.5  7.6 0.05
20687 154.4243842 -46.4031855 18.702 2457420.69707562  48.3  3.7 0.05
21752 154.4148349 -46.40502   20.943 2457008.84560185  96.7  7.9 0.04
21752 154.4148349 -46.40502   20.943 2457009.81342593 108.4  9.1 0.04
21752 154.4148349 -46.40502   20.943 2457420.69707562  97.1  6.5 0.04
22135 154.4113111 -46.4027883 20.802 2457008.84560185 144.9  6.2 0.85
22135 154.4113111 -46.4027883 20.802 2457420.69707562 159.8  4.1 0.85
22135 154.4113111 -46.4027883 20.802 2458194.51034722 143.1  6.2 0.85
22186 154.4106912 -46.4075335 18.68  2457008.84560185  -9.7  2.3 0.29
22186 154.4106912 -46.4075335 18.68  2457156.46763503  -5.9  2.3 0.29
22186 154.4106912 -46.4075335 18.68  2457133.48557485  -8.3  3.6 0.29
22186 154.4106912 -46.4075335 18.68  2457136.48945988  -2.3  2.2 0.29
22186 154.4106912 -46.4075335 18.68  2457420.69707562  -6.4  2.2 0.29
12642 154.4040496 -46.4123144 19.292 2456989.86438079  93.4  8.2 0.14
12642 154.4040496 -46.4123144 19.292 2458162.64664931  98.1  7.4 0.14
12642 154.4040496 -46.4123144 19.292 2458192.52376929  82.9  5.6 0.14
12642 154.4040496 -46.4123144 19.292 2458192.53554012  78.3  6.9 0.14
12642 154.4040496 -46.4123144 19.292 2458194.51034722  90.9  5.9 0.14
12642 154.4040496 -46.4123144 19.292 2458161.81016204  98.7  7.2 0.14
12642 154.4040496 -46.4123144 19.292 2458249.500625    89.0  7.7 0.14
12856 154.4021564 -46.4169844 17.642 2457138.47808256  62.1  1.9 0.06
12856 154.4021564 -46.4169844 17.642 2457786.87269676  61.0  3.4 0.06
12856 154.4021564 -46.4169844 17.642 2458161.70140046  58.8  4.0 0.06
12856 154.4021564 -46.4169844 17.642 2458162.64664931  58.8  4.6 0.06
12856 154.4021564 -46.4169844 17.642 2458192.52376929  53.6  3.1 0.06
12856 154.4021564 -46.4169844 17.642 2458193.50886188  61.1  3.1 0.06
12856 154.4021564 -46.4169844 17.642 2458226.62318287  63.0  3.2 0.06
12856 154.4021564 -46.4169844 17.642 2458249.500625    59.0  2.3 0.06
12856 154.4021564 -46.4169844 17.642 2458250.48618634  59.4  2.8 0.06
12856 154.4021564 -46.4169844 17.642 2458250.5249103   59.0  2.7 0.06
12856 154.4021564 -46.4169844 17.642 2458584.49174768  55.8  3.7 0.06
12856 154.4021564 -46.4169844 17.642 2458584.56549768  62.9  3.0 0.06
25128 154.3862348 -46.398132  20.979 2457421.75498457  86.3 13.3 0.8 
25128 154.3862348 -46.398132  20.979 2458161.81016204 128.1 12.3 0.8 
25128 154.3862348 -46.398132  20.979 2458584.5768287   97.9 10.7 0.8 
20613 154.424677  -46.4091359 19.015 2457420.69707562  80.4  2.4 0.84
20613 154.424677  -46.4091359 19.015 2458194.51034722  91.8  3.8 0.84
20613 154.424677  -46.4091359 19.015 2458490.73250386  86.5  3.4 0.84
