05081 154.4004963 -46.4266769 14.87  2456978.83083333 476.9  1.4 1.0 
05081 154.4004963 -46.4266769 14.87  2457129.47766975 512.7  1.2 1.0 
05081 154.4004963 -46.4266769 14.87  2457127.49255787 463.5  1.4 1.0 
05081 154.4004963 -46.4266769 14.87  2457008.81090664 454.1  1.8 1.0 
05081 154.4004963 -46.4266769 14.87  2456978.83733025 475.3  1.7 1.0 
05081 154.4004963 -46.4266769 14.87  2457131.47697917 461.9  1.6 1.0 
05081 154.4004963 -46.4266769 14.87  2457419.74475309 451.7  1.6 1.0 
05081 154.4004963 -46.4266769 14.87  2457419.7673804  454.6  1.5 1.0 
05081 154.4004963 -46.4266769 14.87  2457421.76791667 507.0  2.0 1.0 
05081 154.4004963 -46.4266769 14.87  2457008.83250386 458.2  1.9 1.0 
05081 154.4004963 -46.4266769 14.87  2458162.64664931 525.7  4.8 1.0 
05081 154.4004963 -46.4266769 14.87  2458226.62318287 501.6  1.6 1.0 
05081 154.4004963 -46.4266769 14.87  2458488.77469329 480.3  1.5 1.0 
06558 154.385951  -46.4257183 14.733 2456978.83083333 504.0  1.5 1.0 
06558 154.385951  -46.4257183 14.733 2457129.47766975 515.2  1.2 1.0 
06558 154.385951  -46.4257183 14.733 2457127.49255787 478.5  1.4 1.0 
06558 154.385951  -46.4257183 14.733 2457009.78096451 515.9  1.5 1.0 
06558 154.385951  -46.4257183 14.733 2456989.85793981 516.0  2.3 1.0 
06558 154.385951  -46.4257183 14.733 2457419.74475309 484.9  1.6 1.0 
06558 154.385951  -46.4257183 14.733 2457421.74397762 518.2  1.7 1.0 
06558 154.385951  -46.4257183 14.733 2457516.47410108 467.8  1.1 1.0 
06558 154.385951  -46.4257183 14.733 2458161.70140046 518.1  1.9 1.0 
06558 154.385951  -46.4257183 14.733 2458192.52376929 484.2  1.7 1.0 
06558 154.385951  -46.4257183 14.733 2458226.62318287 494.1  1.4 1.0 
06558 154.385951  -46.4257183 14.733 2458584.49174768 481.9  2.4 1.0 
06558 154.385951  -46.4257183 14.733 2458584.56549768 498.3  1.9 1.0 
06558 154.385951  -46.4257183 14.733 2458488.77469329 471.3  1.4 1.0 
23363 154.4006213 -46.4106651 16.812 2456978.83083333 486.3  2.6 0.99
23363 154.4006213 -46.4106651 16.812 2457129.47766975 491.1  4.2 0.99
23363 154.4006213 -46.4106651 16.812 2457127.49255787 491.0  2.6 0.99
23363 154.4006213 -46.4106651 16.812 2457009.78096451 494.6  2.5 0.99
23363 154.4006213 -46.4106651 16.812 2457008.81090664 490.6  3.0 0.99
23363 154.4006213 -46.4106651 16.812 2457008.82158951 486.5  2.7 0.99
23363 154.4006213 -46.4106651 16.812 2457009.79184799 486.6  2.4 0.99
23363 154.4006213 -46.4106651 16.812 2456978.83733025 482.8  2.7 0.99
23363 154.4006213 -46.4106651 16.812 2457009.80265432 487.2  3.2 0.99
23363 154.4006213 -46.4106651 16.812 2456978.84057485 479.8  2.5 0.99
23363 154.4006213 -46.4106651 16.812 2457009.81342593 491.4  2.7 0.99
23363 154.4006213 -46.4106651 16.812 2457156.46763503 481.8  3.3 0.99
23363 154.4006213 -46.4106651 16.812 2456989.85793981 490.6  3.5 0.99
23363 154.4006213 -46.4106651 16.812 2456989.86115162 488.8  3.3 0.99
23363 154.4006213 -46.4106651 16.812 2456989.86438079 483.3  3.6 0.99
23363 154.4006213 -46.4106651 16.812 2457135.47792824 495.7  3.1 0.99
23363 154.4006213 -46.4106651 16.812 2457132.48341049 492.4  2.5 0.99
23363 154.4006213 -46.4106651 16.812 2457134.4778125  488.9  3.8 0.99
23363 154.4006213 -46.4106651 16.812 2457138.47808256 484.8  2.7 0.99
23363 154.4006213 -46.4106651 16.812 2457136.48945988 491.4  2.8 0.99
23363 154.4006213 -46.4106651 16.812 2457419.74475309 491.6  2.8 0.99
23363 154.4006213 -46.4106651 16.812 2457516.47410108 489.6  2.8 0.99
23363 154.4006213 -46.4106651 16.812 2457520.47957562 503.4  2.9 0.99
23363 154.4006213 -46.4106651 16.812 2457419.75602623 479.4  2.8 0.99
23363 154.4006213 -46.4106651 16.812 2457421.75498457 485.1  2.4 0.99
23363 154.4006213 -46.4106651 16.812 2457516.48835648 500.8  2.3 0.99
23363 154.4006213 -46.4106651 16.812 2457419.7673804  479.6  2.7 0.99
23363 154.4006213 -46.4106651 16.812 2457421.76791667 481.3  3.3 0.99
23363 154.4006213 -46.4106651 16.812 2457008.83250386 490.3  3.2 0.99
23363 154.4006213 -46.4106651 16.812 2457420.69707562 484.9  3.5 0.99
23363 154.4006213 -46.4106651 16.812 2457786.87269676 503.1  2.9 0.99
23363 154.4006213 -46.4106651 16.812 2457787.86483796 500.2  2.6 0.99
23363 154.4006213 -46.4106651 16.812 2457787.87675154 494.1  3.7 0.99
23363 154.4006213 -46.4106651 16.812 2458161.70140046 484.8  3.6 0.99
23363 154.4006213 -46.4106651 16.812 2458162.66198495 483.2  5.2 0.99
23363 154.4006213 -46.4106651 16.812 2458192.52376929 480.5  2.8 0.99
23363 154.4006213 -46.4106651 16.812 2458192.53554012 481.7  2.6 0.99
23363 154.4006213 -46.4106651 16.812 2458193.50886188 490.9  3.1 0.99
23363 154.4006213 -46.4106651 16.812 2458194.51034722 474.1  2.8 0.99
23363 154.4006213 -46.4106651 16.812 2458227.64458719 487.7  2.6 0.99
23363 154.4006213 -46.4106651 16.812 2458226.68818673 491.1  3.1 0.99
23363 154.4006213 -46.4106651 16.812 2458226.62318287 494.7  3.1 0.99
23363 154.4006213 -46.4106651 16.812 2458161.81016204 478.4  3.9 0.99
23363 154.4006213 -46.4106651 16.812 2458249.500625   498.8  2.1 0.99
23363 154.4006213 -46.4106651 16.812 2458249.53966725 499.2  2.3 0.99
23363 154.4006213 -46.4106651 16.812 2458250.48618634 494.1  2.1 0.99
23363 154.4006213 -46.4106651 16.812 2458250.5249103  496.6  2.3 0.99
23363 154.4006213 -46.4106651 16.812 2458490.73250386 498.2  3.5 0.99
23363 154.4006213 -46.4106651 16.812 2458490.84442901 496.8  2.3 0.99
23363 154.4006213 -46.4106651 16.812 2458584.50314043 490.2  3.0 0.99
23363 154.4006213 -46.4106651 16.812 2458584.5768287  491.6  2.9 0.99
23363 154.4006213 -46.4106651 16.812 2458584.49174768 487.2  3.6 0.99
23363 154.4006213 -46.4106651 16.812 2458584.56549768 490.4  3.1 0.99
23363 154.4006213 -46.4106651 16.812 2458488.77469329 494.0  5.4 0.99
23212 154.4025975 -46.3986404 17.252 2456978.83407793 500.5  2.7 1.0 
23212 154.4025975 -46.3986404 17.252 2457008.82158951 508.3  2.7 1.0 
23212 154.4025975 -46.3986404 17.252 2457009.79184799 511.7  2.5 1.0 
23212 154.4025975 -46.3986404 17.252 2456978.84057485 493.3  2.6 1.0 
23212 154.4025975 -46.3986404 17.252 2457009.81342593 507.7  2.7 1.0 
23212 154.4025975 -46.3986404 17.252 2457156.46763503 507.8  2.9 1.0 
23212 154.4025975 -46.3986404 17.252 2456989.86115162 504.4  3.8 1.0 
23212 154.4025975 -46.3986404 17.252 2457132.48341049 486.5  3.4 1.0 
23212 154.4025975 -46.3986404 17.252 2457133.48557485 494.5  3.6 1.0 
23212 154.4025975 -46.3986404 17.252 2457136.48945988 497.2  3.0 1.0 
23212 154.4025975 -46.3986404 17.252 2457419.75602623 483.7  2.8 1.0 
23212 154.4025975 -46.3986404 17.252 2457421.75498457 484.5  2.5 1.0 
23212 154.4025975 -46.3986404 17.252 2457516.48835648 499.5  2.8 1.0 
23212 154.4025975 -46.3986404 17.252 2457420.69707562 476.7  2.8 1.0 
23212 154.4025975 -46.3986404 17.252 2457787.86483796 507.7  3.3 1.0 
23212 154.4025975 -46.3986404 17.252 2458162.66198495 474.9  6.4 1.0 
23212 154.4025975 -46.3986404 17.252 2458192.53554012 484.9  2.8 1.0 
23212 154.4025975 -46.3986404 17.252 2458194.51034722 484.4  2.8 1.0 
23212 154.4025975 -46.3986404 17.252 2458227.64458719 488.8  3.1 1.0 
23212 154.4025975 -46.3986404 17.252 2458226.68818673 503.3  3.5 1.0 
23212 154.4025975 -46.3986404 17.252 2458161.81016204 499.8  4.9 1.0 
23212 154.4025975 -46.3986404 17.252 2458490.73250386 487.4  3.0 1.0 
23212 154.4025975 -46.3986404 17.252 2458490.84442901 487.3  3.0 1.0 
23212 154.4025975 -46.3986404 17.252 2458584.50314043 493.9  3.4 1.0 
23212 154.4025975 -46.3986404 17.252 2458584.5768287  502.2  3.0 1.0 
23448 154.3998945 -46.4043377 14.618 2456978.83407793 468.3  1.4 1.0 
23448 154.3998945 -46.4043377 14.618 2457008.82158951 499.9  2.0 1.0 
23448 154.3998945 -46.4043377 14.618 2457009.79184799 476.9  1.4 1.0 
23448 154.3998945 -46.4043377 14.618 2456978.84057485 468.6  1.5 1.0 
23448 154.3998945 -46.4043377 14.618 2456989.86115162 506.3  1.7 1.0 
23448 154.3998945 -46.4043377 14.618 2457132.48341049 511.2  1.3 1.0 
23448 154.3998945 -46.4043377 14.618 2457133.48557485 499.0  2.0 1.0 
23448 154.3998945 -46.4043377 14.618 2457419.75602623 495.5  1.8 1.0 
23448 154.3998945 -46.4043377 14.618 2457787.86483796 493.8  1.1 1.0 
23448 154.3998945 -46.4043377 14.618 2458192.53554012 522.4  1.5 1.0 
23448 154.3998945 -46.4043377 14.618 2458584.50314043 522.7  2.0 1.0 
23448 154.3998945 -46.4043377 14.618 2458584.5768287  521.4  2.0 1.0 
23979 154.3953958 -46.409211  14.414 2456978.83407793 495.2  1.4 1.0 
23979 154.3953958 -46.409211  14.414 2457008.82158951 527.5  2.5 1.0 
23979 154.3953958 -46.409211  14.414 2457009.79184799 502.8  1.3 1.0 
23979 154.3953958 -46.409211  14.414 2456989.86115162 514.8  1.7 1.0 
23979 154.3953958 -46.409211  14.414 2457135.47792824 525.9  1.5 1.0 
23979 154.3953958 -46.409211  14.414 2457421.75498457 471.9  1.4 1.0 
23979 154.3953958 -46.409211  14.414 2457516.48835648 501.4  1.3 1.0 
23979 154.3953958 -46.409211  14.414 2457787.86483796 476.9  1.1 1.0 
23979 154.3953958 -46.409211  14.414 2458192.53554012 493.4  1.6 1.0 
23979 154.3953958 -46.409211  14.414 2458226.68818673 478.5  1.1 1.0 
23979 154.3953958 -46.409211  14.414 2458161.81016204 472.7  3.0 1.0 
23979 154.3953958 -46.409211  14.414 2458249.500625   519.8  1.8 1.0 
23379 154.4006104 -46.4078003 14.884 2457008.82158951 497.7  2.0 1.0 
23379 154.4006104 -46.4078003 14.884 2457009.79184799 469.2  1.3 1.0 
23379 154.4006104 -46.4078003 14.884 2457009.81342593 473.0  1.6 1.0 
23379 154.4006104 -46.4078003 14.884 2457156.46763503 493.2  2.1 1.0 
23379 154.4006104 -46.4078003 14.884 2456989.86115162 529.7  1.7 1.0 
23379 154.4006104 -46.4078003 14.884 2457135.47792824 470.0  1.3 1.0 
23379 154.4006104 -46.4078003 14.884 2457136.48945988 460.5  1.3 1.0 
23379 154.4006104 -46.4078003 14.884 2457419.75602623 457.7  1.6 1.0 
23379 154.4006104 -46.4078003 14.884 2458162.66198495 500.8  1.6 1.0 
23379 154.4006104 -46.4078003 14.884 2458192.53554012 518.6  1.6 1.0 
23379 154.4006104 -46.4078003 14.884 2458194.51034722 499.2  1.5 1.0 
23379 154.4006104 -46.4078003 14.884 2458227.64458719 522.3  1.3 1.0 
23379 154.4006104 -46.4078003 14.884 2458249.500625   518.6  1.9 1.0 
23379 154.4006104 -46.4078003 14.884 2458250.48618634 496.5  2.8 1.0 
23379 154.4006104 -46.4078003 14.884 2458250.5249103  497.7  2.9 1.0 
10438 154.4220203 -46.4184423 14.715 2456978.83733025 475.7  1.8 1.0 
10438 154.4220203 -46.4184423 14.715 2457009.80265432 527.5  1.7 1.0 
10438 154.4220203 -46.4184423 14.715 2457131.47697917 479.9  1.4 1.0 
10438 154.4220203 -46.4184423 14.715 2457134.4778125  482.0  1.3 1.0 
10438 154.4220203 -46.4184423 14.715 2457138.47808256 481.2  1.3 1.0 
10438 154.4220203 -46.4184423 14.715 2457419.7673804  463.4  1.4 1.0 
10438 154.4220203 -46.4184423 14.715 2457421.76791667 462.3  1.8 1.0 
10438 154.4220203 -46.4184423 14.715 2457008.83250386 535.5  2.0 1.0 
10438 154.4220203 -46.4184423 14.715 2458162.64664931 482.7  1.9 1.0 
10438 154.4220203 -46.4184423 14.715 2458227.63280093 520.2  1.5 1.0 
10831 154.418836  -46.421602  16.196 2456978.83733025 490.5  2.0 0.28
10831 154.418836  -46.421602  16.196 2457009.80265432 492.5  1.9 0.28
10831 154.418836  -46.421602  16.196 2456989.86438079 491.5  2.4 0.28
10831 154.418836  -46.421602  16.196 2457131.47697917 488.0  1.8 0.28
10831 154.418836  -46.421602  16.196 2457134.4778125  488.6  1.8 0.28
10831 154.418836  -46.421602  16.196 2457138.47808256 488.3  1.7 0.28
10831 154.418836  -46.421602  16.196 2457419.7673804  488.0  1.8 0.28
10831 154.418836  -46.421602  16.196 2457421.76791667 487.9  2.1 0.28
10831 154.418836  -46.421602  16.196 2457008.83250386 492.4  2.2 0.28
10831 154.418836  -46.421602  16.196 2457787.87675154 492.7  1.6 0.28
10831 154.418836  -46.421602  16.196 2458162.64664931 490.0  2.7 0.28
10831 154.418836  -46.421602  16.196 2458193.50886188 487.0  1.9 0.28
10831 154.418836  -46.421602  16.196 2458227.63280093 485.4  2.0 0.28
10831 154.418836  -46.421602  16.196 2458490.72123457 486.7  1.8 0.28
10831 154.418836  -46.421602  16.196 2458490.83308256 488.8  1.8 0.28
11350 154.4140141 -46.4183902 14.167 2457009.80265432 490.5  1.6 1.0 
11350 154.4140141 -46.4183902 14.167 2457131.47697917 461.1  1.6 1.0 
11350 154.4140141 -46.4183902 14.167 2457138.47808256 461.1  1.5 1.0 
11350 154.4140141 -46.4183902 14.167 2457419.7673804  465.7  1.5 1.0 
11350 154.4140141 -46.4183902 14.167 2457421.76791667 511.5  1.8 1.0 
11350 154.4140141 -46.4183902 14.167 2457787.87675154 480.8  1.2 1.0 
11350 154.4140141 -46.4183902 14.167 2458193.50886188 457.1  1.7 1.0 
21152 154.4195083 -46.4093147 17.052 2456978.84057485 484.4  2.5 0.9 
21152 154.4195083 -46.4093147 17.052 2457008.84560185 488.1  2.6 0.9 
21152 154.4195083 -46.4093147 17.052 2457009.81342593 485.8  2.4 0.9 
21152 154.4195083 -46.4093147 17.052 2457156.46763503 488.4  2.7 0.9 
21152 154.4195083 -46.4093147 17.052 2457133.48557485 494.7  2.5 0.9 
21152 154.4195083 -46.4093147 17.052 2457136.48945988 496.4  2.4 0.9 
21152 154.4195083 -46.4093147 17.052 2457420.69707562 486.4  2.6 0.9 
21152 154.4195083 -46.4093147 17.052 2458162.66198495 485.9  4.5 0.9 
21152 154.4195083 -46.4093147 17.052 2458194.51034722 491.0  2.4 0.9 
21152 154.4195083 -46.4093147 17.052 2458227.64458719 485.4  2.3 0.9 
21152 154.4195083 -46.4093147 17.052 2458490.73250386 482.2  2.4 0.9 
21152 154.4195083 -46.4093147 17.052 2458490.84442901 480.4  2.2 0.9 
11904 154.4095647 -46.4186727 14.154 2456989.86438079 475.4  1.9 1.0 
11904 154.4095647 -46.4186727 14.154 2457138.47808256 472.3  1.4 1.0 
11904 154.4095647 -46.4186727 14.154 2457787.87675154 466.9  1.1 1.0 
11904 154.4095647 -46.4186727 14.154 2458250.48618634 464.9  1.6 1.0 
11904 154.4095647 -46.4186727 14.154 2458250.5249103  464.3  1.9 1.0 
11904 154.4095647 -46.4186727 14.154 2458490.83308256 463.7  1.2 1.0 
10940 154.4177892 -46.4189271 16.464 2457138.47808256 479.8  3.4 1.0 
10940 154.4177892 -46.4189271 16.464 2457419.7673804  501.0  3.1 1.0 
10940 154.4177892 -46.4189271 16.464 2457421.76791667 485.2  3.3 1.0 
10940 154.4177892 -46.4189271 16.464 2457008.83250386 486.6  3.4 1.0 
